Facilities: 1000
11 64
-184 238
-442 -238
-80 -434
-407 345
-295 363
-855 -473
-630 109
499 725
600 -250
-460 852
394 383
94 -353
257 312
385 389
264 -106
1 -241
-666 -389
214 700
39 -91
-40 311
335 587
533 -876
-102 -52
-246 553
6 -629
-658 -126
441 -363
214 -205
-522 59
-379 464
-277 375
-691 -255
416 348
-712 619
-172 -844
353 -218
-581 -93
144 -180
-312 -25
-679 794
-27 -602
334 -395
958 171
324 240
189 -982
-180 -215
-300 145
218 48
-387 451
395 699
632 -213
397 16
-635 152
-250 -336
-282 55
-232 343
-131 -198
111 -251
-135 62
-79 -67
453 875
-41 17
484 76
532 111
73 176
345 384
-310 -175
-23 -595
422 253
332 217
-99 484
214 4
-288 -433
58 832
602 -241
-82 574
364 317
-54 19
-955 -575
-105 31
908 -184
584 -257
643 -251
-200 -51
312 285
-224 154
-173 147
156 215
56 -13
290 48
134 -502
-292 -419
178 -439
814 -69
286 493
-895 -234
582 -518
633 -190
35 -595
-37 -271
-146 -508
-442 860
526 -326
275 -235
-133 -59
-403 109
-42 710
232 64
436 -109
-92 281
298 -715
432 368
286 -105
534 -68
-183 -89
-480 376
598 331
441 25
216 -392
258 -477
405 188
382 85
108 432
51 -202
100 194
83 73
-384 -832
-67 -795
315 168
288 117
-148 -426
48 -450
-552 -500
167 245
58 -439
-390 160
99 -358
-394 261
153 -284
399 194
-321 -509
-112 -105
467 539
-229 178
-548 -409
-702 -613
-581 -205
-786 -593
-703 -18
143 -378
-87 -627
478 -136
428 -339
-276 -22
206 39
-733 -728
355 -519
-238 7
31 473
-474 -53
343 414
-190 116
716 -20
341 77
654 71
136 353
89 -725
-539 75
-199 338
631 -516
-75 -284
453 -363
116 63
225 448
-312 -606
518 156
877 639
355 -614
362 454
-26 130
-732 411
-34 338
106 47
-574 196
431 -221
-396 -220
-481 307
-362 -554
-114 -113
68 125
280 -269
-881 654
-434 -202
187 331
-92 364
-554 55
-235 34
194 -232
437 180
329 322
222 387
237 -530
-247 27
-550 -615
647 -126
543 -86
356 -425
72 -287
-79 -260
-269 483
330 599
445 -274
270 -610
-186 731
273 33
28 -36
-360 155
-607 -396
-54 159
532 -360
575 -237
-440 -237
431 -655
-195 258
-166 419
16 127
546 -312
-417 -114
39 -614
-56 804
269 -3
101 -236
596 -56
-866 -467
-18 -537
-398 870
165 637
-128 -220
243 -556
749 85
-45 -322
124 -363
-95 -278
-43 -396
91 420
-476 -347
303 655
661 -772
324 -227
-330 746
310 -415
528 180
-638 465
271 337
-2 -80
-347 86
74 30
630 -165
706 -745
-279 761
-170 412
-5 631
229 -65
173 440
262 98
297 -268
-52 -533
391 92
-310 635
-222 167
633 130
-95 470
-507 449
37 -670
-310 220
-354 517
-323 -150
2 -625
-375 -716
-728 -212
-75 106
-662 -189
-511 -240
-452 -480
-622 485
831 460
61 394
-162 -15
414 151
227 -125
-451 -162
-305 781
-298 -188
79 401
-443 -187
-423 688
-207 -8
91 -3
-898 230
-295 -258
491 -155
482 -40
435 -344
60 144
309 385
893 -298
432 -476
-420 -309
251 10
343 -291
-674 466
509 -694
180 247
761 837
-461 172
-25 369
57 -430
587 68
394 150
761 -554
307 208
-12 -118
-556 804
336 80
-430 -177
185 372
222 180
106 277
121 -54
407 -741
137 -183
-48 325
204 69
-7 -67
319 56
31 -405
-432 280
164 665
154 219
-118 -49
442 331
-41 138
282 41
-159 432
244 30
-119 -578
819 746
-223 -186
276 -149
-265 -449
-411 158
179 -271
-338 -356
-791 832
97 -760
-407 -46
-191 350
676 30
40 449
435 521
658 591
-229 -437
108 296
-803 -707
-27 50
226 -133
-167 508
46 -361
-51 513
-504 38
-725 173
-141 848
-593 -531
696 -63
284 273
-319 -69
-179 157
-657 -154
116 -27
-360 -553
469 -32
-557 -132
183 85
-674 -9
-41 55
-580 165
-331 76
-339 -16
-611 83
-582 -781
-196 15
252 -587
426 -18
481 206
563 -141
275 161
-444 604
127 -317
532 -545
877 -448
-230 -824
-163 667
-267 -339
125 774
-42 -569
-30 299
156 -30
-480 -195
280 323
628 201
769 28
-915 491
-244 194
-29 -319
-218 430
42 -592
384 -691
-488 -86
-93 212
102 162
-4 -370
-97 264
405 -615
-623 -251
178 -267
-272 -145
-334 -52
-74 -363
-536 -258
-194 564
103 -269
-39 192
-890 195
-445 -453
115 488
-275 99
-311 -293
-117 -541
-113 -382
44 -579
-211 339
167 -489
-204 -100
-402 -81
69 558
-198 475
183 -356
-107 301
-55 -328
-135 -179
269 -360
-24 15
159 -363
379 94
-40 300
-107 -752
-473 135
717 -327
-681 381
-89 -256
83 -205
653 81
488 685
-473 123
-58 458
-430 -45
-221 115
259 291
94 380
355 -175
-245 494
261 633
-565 260
473 -143
16 518
-248 -414
-726 -23
-233 -315
-495 -743
302 258
604 -65
470 475
47 -427
-40 -269
-626 914
-34 -631
-66 -143
-734 680
64 288
799 -559
-707 475
147 -51
793 540
-536 -686
10 309
-280 -258
250 -60
-524 568
-20 -212
14 38
701 -733
243 91
445 -200
626 -89
-650 -492
266 507
181 -130
333 -650
300 369
164 -179
309 2
-333 265
399 539
54 425
489 -432
-525 -717
228 560
-211 607
-730 -356
-527 -7
-507 216
-406 -307
345 175
-177 -716
99 326
-425 -18
-502 360
-274 402
155 -175
-336 -408
-5 -344
-921 377
189 33
470 -625
185 786
-831 -541
-163 -5
-405 38
89 134
467 199
260 -209
-109 -408
-279 -62
-506 -172
-429 695
204 -686
-69 649
-188 552
-474 89
102 304
510 -147
126 434
-252 3
112 -171
-647 -828
527 473
-245 194
-23 -435
-585 483
-102 542
45 637
450 -116
246 -101
477 -180
519 321
148 338
-138 -130
-384 -649
494 254
-37 456
-278 -199
-261 -623
580 -446
-437 31
-431 584
-486 95
-314 -484
-503 -4
-86 -565
257 459
415 -446
408 63
-84 -586
597 -323
121 911
-119 248
429 35
-621 56
-112 10
440 -569
-24 343
-120 -194
-302 357
-800 81
-570 -142
288 -526
56 -125
-294 303
153 -226
516 -358
337 560
456 -669
361 -203
328 501
118 -644
-357 -380
-509 30
813 -14
759 136
-381 668
-682 -735
216 81
508 -328
587 717
-391 115
141 -50
-613 -494
74 469
57 333
144 517
123 -419
650 -41
278 744
-270 167
-599 -444
453 -279
-363 151
-227 171
-307 -333
8 -606
643 -364
-636 -492
-69 52
-137 -85
717 616
122 -301
296 399
566 -583
74 73
-43 315
386 839
-507 -9
480 322
337 -214
12 -49
24 -544
-324 729
26 150
-73 786
629 259
206 -239
-636 -596
708 -212
-677 -334
-572 -244
52 61
-915 511
49 -633
-519 -196
501 -411
-21 21
-513 -351
-42 143
730 358
-492 -135
-196 -730
54 434
-154 -275
223 522
-138 179
-30 -661
-885 -83
-140 184
404 217
-679 -244
-362 344
-151 -188
-270 -52
310 139
-346 -18
-143 303
381 -247
-536 262
482 -541
639 706
332 329
659 -161
111 502
441 -658
248 741
224 375
-529 380
243 -265
265 151
-114 654
378 -34
95 251
-144 389
312 243
193 85
-187 -683
280 487
30 -596
183 -233
304 127
124 313
470 -188
-367 69
-216 -287
469 471
-76 462
-313 72
150 289
-823 587
157 156
968 736
-212 731
837 115
461 -29
-31 215
52 124
-135 -164
-104 78
241 295
-283 212
277 148
-499 -673
398 598
-357 -298
-326 327
238 -28
-61 169
-78 -735
-83 -129
417 -73
-86 119
-209 -853
36 -916
-606 -44
-545 -70
-452 281
877 30
285 175
171 102
-238 778
11 14
-520 263
440 -261
21 -294
404 700
-292 -231
597 753
513 23
-619 52
-574 -91
50 -695
-335 -419
398 185
291 -759
328 127
143 81
120 319
-497 -388
78 368
-537 -149
-658 -63
742 -234
37 -388
-530 375
259 302
516 -6
-20 683
-32 429
-399 488
-367 240
-336 -76
-247 -259
146 35
616 28
-206 -470
331 41
132 400
-221 617
15 630
559 -589
85 -686
763 -231
-56 -268
-499 -177
-429 224
-720 -480
-728 171
-239 -260
385 -85
-169 -655
-62 -796
-463 -306
-283 489
184 110
-614 409
-308 -290
-225 -170
-657 205
-46 -4
81 -514
408 686
-193 227
356 -304
422 198
231 524
-139 645
325 -133
-43 843
-221 -712
-318 788
403 -561
186 2
185 -798
8 -408
-99 369
-77 -106
-78 -230
154 -537
42 205
-45 652
116 92
127 -340
-688 450
-445 -328
-73 657
-387 -398
25 321
135 -43
551 -256
-406 -542
118 -431
274 318
320 -426
-627 443
200 -1
-580 348
442 350
-242 -815
-145 -676
514 -957
-112 -671
183 -426
237 -15
-215 -33
-64 72
-473 470
-45 -393
33 -147
-102 -4
388 -336
262 -300
-397 -473
539 -611
597 -512
-419 261
-638 44
702 17
721 460
368 -79
-75 -62
-333 460
-680 -654
-667 264
394 -541
736 330
-255 53
32 -32
-115 -299
-408 501
209 -280
-146 -583
110 514
-90 -501
-71 405
406 399
255 65
-225 182
86 -229
-678 560
-540 -13
-615 867
-632 140
510 234
131 -52
588 30
877 -677
839 296
367 580
745 -275
-859 -392
312 -314
-231 -372
-562 -139
33 -699
702 -770
-116 228
-441 -511
-687 -792
-300 411
-440 192
-739 -784
-390 445
571 -271
482 198
327 -92
572 -22
-660 275
136 -234
427 -182
-27 -724
-472 192
489 -66
-172 270
-481 457
434 -372
-368 489
27 47
150 -656
19 -159
-337 -320
-149 631
577 799
355 106
74 273
-458 420
-174 -273
-301 24
-96 -138
-687 68
566 166
185 -61
-79 313
-73 102
-29 806
-846 33
113 -764
782 933
-102 -618
140 -215
-267 -625
53 421
121 -706
-475 437
186 -194
-630 130
425 -151
-118 62
-3 -161
571 403
286 -455
16 -61
153 504
40 -586
-75 -264
-275 816
72 -480
144 -678
505 122
292 -259
-545 -365
283 687
218 -578
729 89
302 234
79 263
46 -375
-223 -582
358 89
200 -669
-55 220
-308 812
239 159
354 -294
238 789
-173 -673
-481 -678
-38 -454
-37 352
21 212
33 -67
21 125
-50 -143
-188 511
678 95
-325 -302
-601 -796
-499 -274
-52 -464
17 595
707 201
69 133
-495 -14
625 -303
334 -170
Paths: 1200
755 796
161 715
419 439
234 302
435 792
77 654
415 863
680 902
317 554
38 619
273 701
399 736
659 743
371 750
578 712
54 789
144 946
309 377
853 992
436 907
610 902
236 443
323 398
161 650
252 881
128 248
172 658
413 489
313 815
795 890
141 726
821 901
44 511
19 376
363 961
406 476
401 781
480 900
315 575
570 843
384 779
76 557
47 909
279 776
449 856
747 933
416 758
182 372
355 607
329 464
396 435
286 429
576 900
119 352
662 693
215 239
209 571
77 818
184 298
109 465
280 781
600 908
534 986
289 560
182 194
116 340
144 642
107 794
93 753
699 757
647 861
544 997
58 344
249 384
649 884
51 485
463 666
524 540
93 701
635 695
359 676
430 654
399 456
29 907
89 384
355 683
48 853
102 989
274 344
125 708
499 741
905 998
564 629
793 809
212 605
493 937
367 778
221 697
527 810
548 591
581 599
543 738
528 833
390 415
1 931
88 990
318 937
593 681
449 672
361 583
21 950
745 754
338 964
562 698
76 500
224 293
123 618
145 461
16 857
122 244
130 501
610 622
119 679
172 420
456 648
366 659
188 900
331 396
617 958
98 957
500 895
208 869
656 944
67 560
11 229
519 813
228 599
174 528
83 153
125 699
159 528
791 972
673 953
19 754
242 993
775 808
228 324
661 938
378 591
109 720
582 931
486 766
143 479
289 991
477 695
21 562
143 566
27 255
544 568
271 836
197 935
408 809
467 760
312 575
482 865
416 647
365 837
221 764
616 831
252 337
270 789
748 985
423 705
76 379
362 496
248 819
94 623
333 951
547 968
31 421
122 291
378 521
115 133
312 927
614 908
331 765
407 946
962 972
0 756
802 991
466 489
70 547
142 575
13 980
121 848
270 419
146 198
844 956
92 692
135 173
227 263
16 701
171 993
46 121
412 472
56 614
211 321
394 431
682 780
509 965
409 728
227 258
562 947
428 710
74 578
88 944
2 181
291 727
600 853
500 703
195 616
217 656
119 181
9 38
0 845
166 709
231 919
596 712
113 458
126 920
170 539
156 808
149 395
136 851
37 707
464 581
98 174
61 442
674 685
313 515
77 873
243 322
548 759
857 892
74 916
227 875
87 812
45 697
68 624
524 873
128 223
16 309
92 661
240 962
122 163
574 929
533 782
461 954
348 361
167 358
165 755
95 761
32 65
165 517
515 625
219 543
152 995
772 895
227 497
71 646
704 782
213 309
423 427
476 692
11 886
428 518
164 340
277 906
268 462
770 807
367 796
49 821
275 563
254 745
795 961
815 988
185 650
121 352
539 860
902 989
669 854
881 958
200 369
202 277
306 865
825 877
83 221
945 962
119 652
122 723
135 401
127 335
166 409
332 497
413 538
66 452
164 876
231 703
268 454
827 871
916 989
517 523
214 833
284 878
418 847
262 299
189 600
184 330
72 422
676 718
735 773
116 355
569 851
28 688
214 626
43 165
83 386
821 890
709 905
633 691
616 843
264 277
543 552
517 992
501 886
565 904
189 397
73 306
279 615
310 421
248 713
75 426
325 841
244 374
269 664
641 721
154 536
508 866
737 864
362 606
863 901
103 620
172 208
77 794
268 442
375 979
252 320
169 560
702 851
70 228
335 408
351 638
191 203
435 548
140 493
65 902
225 644
94 684
597 968
35 425
125 797
415 607
138 157
495 582
701 996
113 870
407 442
56 660
189 336
835 865
279 931
388 668
435 500
203 301
305 447
153 364
374 825
450 477
339 638
399 574
528 686
80 804
749 776
599 890
571 929
462 852
163 293
537 974
186 551
501 523
688 907
31 292
753 902
377 788
293 878
547 592
417 659
126 547
134 934
92 822
223 452
427 658
177 722
398 520
624 792
166 269
265 273
75 137
287 424
392 960
112 903
502 963
58 129
581 596
79 418
270 793
104 229
84 623
34 656
300 806
766 793
433 797
234 983
2 797
322 647
245 453
709 813
50 684
56 687
53 242
617 789
158 715
94 105
509 733
27 671
462 940
153 425
189 253
738 771
352 940
153 965
89 451
69 183
211 960
57 297
526 583
232 726
489 641
46 438
139 867
681 840
94 138
472 866
135 354
612 616
317 579
175 682
162 180
585 804
345 492
294 659
384 833
286 743
2 27
160 283
641 786
588 794
458 592
335 746
63 676
87 382
60 233
113 736
277 874
345 881
107 743
483 976
386 892
212 302
533 803
85 383
393 459
114 820
32 576
140 461
360 421
766 841
590 626
160 534
48 462
154 874
553 900
564 672
42 717
278 476
56 65
754 938
426 899
56 901
143 421
809 902
554 850
351 582
119 989
375 546
55 793
368 948
29 875
106 203
325 574
269 872
456 631
149 978
628 688
90 863
102 314
448 526
88 208
353 595
115 749
210 805
571 739
604 928
359 857
599 760
931 955
82 769
643 837
324 994
639 786
300 349
5 782
51 658
612 830
27 276
789 868
33 423
6 56
456 651
340 385
67 426
275 964
747 986
757 827
566 957
55 973
545 839
50 979
342 933
248 999
85 301
352 507
168 618
253 800
337 601
238 253
32 750
127 277
546 801
21 792
78 344
39 867
424 978
538 638
741 875
620 736
668 886
64 975
758 945
405 833
550 700
744 802
233 349
655 910
569 582
386 979
340 997
326 485
63 985
465 764
176 919
414 780
101 922
154 896
313 859
76 183
70 786
216 753
272 345
706 947
277 553
110 383
473 513
25 992
28 829
810 964
230 362
589 625
493 906
539 665
142 419
99 494
246 585
362 432
872 972
598 988
184 598
499 836
838 922
824 985
605 928
427 512
220 659
295 562
267 589
599 927
393 416
35 124
742 825
53 718
418 669
341 356
31 717
425 922
681 834
160 794
100 750
82 606
389 875
360 859
273 700
674 926
93 285
61 177
68 867
591 857
583 814
279 309
472 839
415 481
140 977
601 821
645 799
631 882
477 961
550 656
3 524
721 859
226 481
154 500
54 990
189 297
332 690
317 897
256 684
513 671
587 660
404 996
496 564
172 876
380 398
179 837
557 819
239 342
771 854
194 328
232 591
323 855
9 912
204 455
414 641
825 832
122 794
509 533
10 104
72 336
74 364
193 454
198 659
913 968
377 704
44 60
139 926
34 607
40 686
575 734
641 723
596 892
95 538
349 851
178 368
55 940
488 577
678 865
520 951
112 367
603 805
297 968
735 819
5 636
243 611
423 845
253 558
68 87
545 555
751 948
24 608
504 581
479 497
549 880
169 628
92 304
111 580
205 728
868 967
143 721
17 196
31 854
737 788
395 989
152 294
225 382
470 816
433 682
455 642
149 874
58 288
367 635
90 510
310 635
209 604
227 744
115 994
177 243
411 932
653 951
624 786
174 246
206 509
580 671
607 999
545 866
73 442
16 349
47 638
598 700
335 850
131 284
625 762
909 958
161 768
226 713
37 453
331 799
676 708
225 991
12 284
61 998
26 586
49 571
57 68
92 708
180 542
388 655
815 941
301 609
222 248
114 600
179 880
518 679
11 333
691 707
645 992
532 953
107 875
370 992
140 813
41 69
551 818
721 741
500 847
317 736
178 791
514 968
94 332
529 893
66 811
9 226
605 955
282 284
577 625
226 847
332 385
224 969
428 767
456 727
615 852
115 755
302 808
603 983
215 658
69 650
52 432
52 818
83 865
188 318
495 885
721 836
141 492
245 909
181 988
95 443
75 501
211 212
783 934
298 939
73 574
44 731
65 147
326 751
174 660
127 319
599 926
179 229
402 770
151 331
369 412
591 780
610 852
397 427
828 977
412 701
111 800
227 393
439 870
90 372
487 827
133 586
63 952
547 951
204 919
175 521
597 893
540 960
110 529
324 613
545 657
490 996
70 592
291 805
259 963
114 829
480 692
61 706
435 704
570 919
161 948
40 338
92 926
968 979
360 883
282 489
382 490
123 481
498 718
12 915
729 763
494 721
730 957
833 900
646 726
277 298
693 917
688 779
196 795
477 896
118 721
344 862
407 795
273 708
445 974
178 421
173 994
439 873
505 938
103 798
276 747
257 965
886 927
64 218
67 795
449 616
283 313
629 797
184 337
635 744
48 694
10 599
396 998
291 869
97 619
881 942
65 722
317 597
259 722
60 993
185 206
758 823
134 324
636 910
228 976
581 904
45 826
356 512
562 989
124 616
598 810
230 412
460 621
342 696
490 820
460 677
419 878
597 734
312 588
62 371
232 469
165 633
268 833
743 761
258 539
745 759
143 646
69 374
285 747
441 892
524 708
548 583
115 175
556 674
201 316
909 952
298 501
405 914
406 779
313 552
269 928
510 749
457 841
89 229
552 568
555 616
392 449
42 136
21 942
152 427
251 527
576 656
454 967
432 749
479 615
221 653
111 997
7 761
405 582
665 852
30 830
146 160
309 419
183 921
634 797
402 733
246 678
38 866
51 880
573 690
258 412
829 877
334 507
405 654
795 826
739 940
29 473
257 822
220 976
619 774
279 485
76 332
249 758
14 68
63 907
247 494
420 749
13 798
46 555
717 735
189 231
438 720
189 563
435 655
225 674
450 551
231 949
208 953
371 717
583 738
148 676
108 512
64 653
294 973
58 631
481 803
94 352
429 998
35 486
20 301
29 819
228 775
174 844
438 683
599 976
703 890
381 918
572 641
110 545
50 418
330 666
99 262
269 385
88 487
715 976
191 541
878 974
102 971
650 831
19 892
190 524
354 595
427 707
262 330
111 671
24 132
774 975
436 666
725 845
55 827
421 495
453 856
15 303
122 690
168 991
178 994
308 921
864 903
44 883
152 838
16 488
841 936
597 950
166 251
755 885
620 868
672 760
744 832
177 310
110 784
416 900
31 892
425 682
257 332
742 848
385 781
17 856
42 144
827 838
341 931
224 981
272 868
88 813
708 861
306 734
363 700
445 509
390 716
756 777
95 441
389 941
307 436
697 836
795 883
166 459
24 957
496 646
116 921
442 834
69 198
35 80
205 755
300 361
534 829
979 995
587 723
308 835
90 398
272 279
83 272
146 906
9 200
20 126
81 659
742 941
183 310
15 709
856 927
508 701
86 920
29 385
326 468
4 841
203 363
48 116
901 940
302 495
144 527
122 539
566 630
588 751
88 172
582 984
9 779
218 733
357 857
349 381
425 794
281 334
816 933
193 215
509 806
470 861
110 450
205 253
33 788
28 453
57 539
390 839
799 830
254 720
73 358
52 171
138 799
491 574
101 492
236 425
916 978
529 889
239 438
110 756
793 893
500 826
275 543
217 594
20 501
359 675
164 810
379 918
803 958
167 672
632 932
352 715
623 726
428 631
282 985
202 445
853 933
359 692
356 916
91 827
107 142
546 712
79 785
44 237
446 458
141 587
450 689
68 806
557 590
841 867
86 497
533 989
667 718
