Facilities: 1000
11 64
-184 238
-442 -238
-80 -434
-407 345
-295 363
-855 -473
-630 109
499 725
600 -250
-460 852
394 383
94 -353
257 312
385 389
264 -106
1 -241
-666 -389
214 700
39 -91
-40 311
335 587
533 -876
-102 -52
-246 553
6 -629
-658 -126
441 -363
214 -205
-522 59
-379 464
-277 375
-691 -255
416 348
-712 619
-172 -844
353 -218
-581 -93
144 -180
-312 -25
-679 794
-27 -602
334 -395
958 171
324 240
189 -982
-180 -215
-300 145
218 48
-387 451
395 699
632 -213
397 16
-635 152
-250 -336
-282 55
-232 343
-131 -198
111 -251
-135 62
-79 -67
453 875
-41 17
484 76
532 111
73 176
345 384
-310 -175
-23 -595
422 253
332 217
-99 484
214 4
-288 -433
58 832
602 -241
-82 574
364 317
-54 19
-955 -575
-105 31
908 -184
584 -257
643 -251
-200 -51
312 285
-224 154
-173 147
156 215
56 -13
290 48
134 -502
-292 -419
178 -439
814 -69
286 493
-895 -234
582 -518
633 -190
35 -595
-37 -271
-146 -508
-442 860
526 -326
275 -235
-133 -59
-403 109
-42 710
232 64
436 -109
-92 281
298 -715
432 368
286 -105
534 -68
-183 -89
-480 376
598 331
441 25
216 -392
258 -477
405 188
382 85
108 432
51 -202
100 194
83 73
-384 -832
-67 -795
315 168
288 117
-148 -426
48 -450
-552 -500
167 245
58 -439
-390 160
99 -358
-394 261
153 -284
399 194
-321 -509
-112 -105
467 539
-229 178
-548 -409
-702 -613
-581 -205
-786 -593
-703 -18
143 -378
-87 -627
478 -136
428 -339
-276 -22
206 39
-733 -728
355 -519
-238 7
31 473
-474 -53
343 414
-190 116
716 -20
341 77
654 71
136 353
89 -725
-539 75
-199 338
631 -516
-75 -284
453 -363
116 63
225 448
-312 -606
518 156
877 639
355 -614
362 454
-26 130
-732 411
-34 338
106 47
-574 196
431 -221
-396 -220
-481 307
-362 -554
-114 -113
68 125
280 -269
-881 654
-434 -202
187 331
-92 364
-554 55
-235 34
194 -232
437 180
329 322
222 387
237 -530
-247 27
-550 -615
647 -126
543 -86
356 -425
72 -287
-79 -260
-269 483
330 599
445 -274
270 -610
-186 731
273 33
28 -36
-360 155
-607 -396
-54 159
532 -360
575 -237
-440 -237
431 -655
-195 258
-166 419
16 127
546 -312
-417 -114
39 -614
-56 804
269 -3
101 -236
596 -56
-866 -467
-18 -537
-398 870
165 637
-128 -220
243 -556
749 85
-45 -322
124 -363
-95 -278
-43 -396
91 420
-476 -347
303 655
661 -772
324 -227
-330 746
310 -415
528 180
-638 465
271 337
-2 -80
-347 86
74 30
630 -165
706 -745
-279 761
-170 412
-5 631
229 -65
173 440
262 98
297 -268
-52 -533
391 92
-310 635
-222 167
633 130
-95 470
-507 449
37 -670
-310 220
-354 517
-323 -150
2 -625
-375 -716
-728 -212
-75 106
-662 -189
-511 -240
-452 -480
-622 485
831 460
61 394
-162 -15
414 151
227 -125
-451 -162
-305 781
-298 -188
79 401
-443 -187
-423 688
-207 -8
91 -3
-898 230
-295 -258
491 -155
482 -40
435 -344
60 144
309 385
893 -298
432 -476
-420 -309
251 10
343 -291
-674 466
509 -694
180 247
761 837
-461 172
-25 369
57 -430
587 68
394 150
761 -554
307 208
-12 -118
-556 804
336 80
-430 -177
185 372
222 180
106 277
121 -54
407 -741
137 -183
-48 325
204 69
-7 -67
319 56
31 -405
-432 280
164 665
154 219
-118 -49
442 331
-41 138
282 41
-159 432
244 30
-119 -578
819 746
-223 -186
276 -149
-265 -449
-411 158
179 -271
-338 -356
-791 832
97 -760
-407 -46
-191 350
676 30
40 449
435 521
658 591
-229 -437
108 296
-803 -707
-27 50
226 -133
-167 508
46 -361
-51 513
-504 38
-725 173
-141 848
-593 -531
696 -63
284 273
-319 -69
-179 157
-657 -154
116 -27
-360 -553
469 -32
-557 -132
183 85
-674 -9
-41 55
-580 165
-331 76
-339 -16
-611 83
-582 -781
-196 15
252 -587
426 -18
481 206
563 -141
275 161
-444 604
127 -317
532 -545
877 -448
-230 -824
-163 667
-267 -339
125 774
-42 -569
-30 299
156 -30
-480 -195
280 323
628 201
769 28
-915 491
-244 194
-29 -319
-218 430
42 -592
384 -691
-488 -86
-93 212
102 162
-4 -370
-97 264
405 -615
-623 -251
178 -267
-272 -145
-334 -52
-74 -363
-536 -258
-194 564
103 -269
-39 192
-890 195
-445 -453
115 488
-275 99
-311 -293
-117 -541
-113 -382
44 -579
-211 339
167 -489
-204 -100
-402 -81
69 558
-198 475
183 -356
-107 301
-55 -328
-135 -179
269 -360
-24 15
159 -363
379 94
-40 300
-107 -752
-473 135
717 -327
-681 381
-89 -256
83 -205
653 81
488 685
-473 123
-58 458
-430 -45
-221 115
259 291
94 380
355 -175
-245 494
261 633
-565 260
473 -143
16 518
-248 -414
-726 -23
-233 -315
-495 -743
302 258
604 -65
470 475
47 -427
-40 -269
-626 914
-34 -631
-66 -143
-734 680
64 288
799 -559
-707 475
147 -51
793 540
-536 -686
10 309
-280 -258
250 -60
-524 568
-20 -212
14 38
701 -733
243 91
445 -200
626 -89
-650 -492
266 507
181 -130
333 -650
300 369
164 -179
309 2
-333 265
399 539
54 425
489 -432
-525 -717
228 560
-211 607
-730 -356
-527 -7
-507 216
-406 -307
345 175
-177 -716
99 326
-425 -18
-502 360
-274 402
155 -175
-336 -408
-5 -344
-921 377
189 33
470 -625
185 786
-831 -541
-163 -5
-405 38
89 134
467 199
260 -209
-109 -408
-279 -62
-506 -172
-429 695
204 -686
-69 649
-188 552
-474 89
102 304
510 -147
126 434
-252 3
112 -171
-647 -828
527 473
-245 194
-23 -435
-585 483
-102 542
45 637
450 -116
246 -101
477 -180
519 321
148 338
-138 -130
-384 -649
494 254
-37 456
-278 -199
-261 -623
580 -446
-437 31
-431 584
-486 95
-314 -484
-503 -4
-86 -565
257 459
415 -446
408 63
-84 -586
597 -323
121 911
-119 248
429 35
-621 56
-112 10
440 -569
-24 343
-120 -194
-302 357
-800 81
-570 -142
288 -526
56 -125
-294 303
153 -226
516 -358
337 560
456 -669
361 -203
328 501
118 -644
-357 -380
-509 30
813 -14
759 136
-381 668
-682 -735
216 81
508 -328
587 717
-391 115
141 -50
-613 -494
74 469
57 333
144 517
123 -419
650 -41
278 744
-270 167
-599 -444
453 -279
-363 151
-227 171
-307 -333
8 -606
643 -364
-636 -492
-69 52
-137 -85
717 616
122 -301
296 399
566 -583
74 73
-43 315
386 839
-507 -9
480 322
337 -214
12 -49
24 -544
-324 729
26 150
-73 786
629 259
206 -239
-636 -596
708 -212
-677 -334
-572 -244
52 61
-915 511
49 -633
-519 -196
501 -411
-21 21
-513 -351
-42 143
730 358
-492 -135
-196 -730
54 434
-154 -275
223 522
-138 179
-30 -661
-885 -83
-140 184
404 217
-679 -244
-362 344
-151 -188
-270 -52
310 139
-346 -18
-143 303
381 -247
-536 262
482 -541
639 706
332 329
659 -161
111 502
441 -658
248 741
224 375
-529 380
243 -265
265 151
-114 654
378 -34
95 251
-144 389
312 243
193 85
-187 -683
280 487
30 -596
183 -233
304 127
124 313
470 -188
-367 69
-216 -287
469 471
-76 462
-313 72
150 289
-823 587
157 156
968 736
-212 731
837 115
461 -29
-31 215
52 124
-135 -164
-104 78
241 295
-283 212
277 148
-499 -673
398 598
-357 -298
-326 327
238 -28
-61 169
-78 -735
-83 -129
417 -73
-86 119
-209 -853
36 -916
-606 -44
-545 -70
-452 281
877 30
285 175
171 102
-238 778
11 14
-520 263
440 -261
21 -294
404 700
-292 -231
597 753
513 23
-619 52
-574 -91
50 -695
-335 -419
398 185
291 -759
328 127
143 81
120 319
-497 -388
78 368
-537 -149
-658 -63
742 -234
37 -388
-530 375
259 302
516 -6
-20 683
-32 429
-399 488
-367 240
-336 -76
-247 -259
146 35
616 28
-206 -470
331 41
132 400
-221 617
15 630
559 -589
85 -686
763 -231
-56 -268
-499 -177
-429 224
-720 -480
-728 171
-239 -260
385 -85
-169 -655
-62 -796
-463 -306
-283 489
184 110
-614 409
-308 -290
-225 -170
-657 205
-46 -4
81 -514
408 686
-193 227
356 -304
422 198
231 524
-139 645
325 -133
-43 843
-221 -712
-318 788
403 -561
186 2
185 -798
8 -408
-99 369
-77 -106
-78 -230
154 -537
42 205
-45 652
116 92
127 -340
-688 450
-445 -328
-73 657
-387 -398
25 321
135 -43
551 -256
-406 -542
118 -431
274 318
320 -426
-627 443
200 -1
-580 348
442 350
-242 -815
-145 -676
514 -957
-112 -671
183 -426
237 -15
-215 -33
-64 72
-473 470
-45 -393
33 -147
-102 -4
388 -336
262 -300
-397 -473
539 -611
597 -512
-419 261
-638 44
702 17
721 460
368 -79
-75 -62
-333 460
-680 -654
-667 264
394 -541
736 330
-255 53
32 -32
-115 -299
-408 501
209 -280
-146 -583
110 514
-90 -501
-71 405
406 399
255 65
-225 182
86 -229
-678 560
-540 -13
-615 867
-632 140
510 234
131 -52
588 30
877 -677
839 296
367 580
745 -275
-859 -392
312 -314
-231 -372
-562 -139
33 -699
702 -770
-116 228
-441 -511
-687 -792
-300 411
-440 192
-739 -784
-390 445
571 -271
482 198
327 -92
572 -22
-660 275
136 -234
427 -182
-27 -724
-472 192
489 -66
-172 270
-481 457
434 -372
-368 489
27 47
150 -656
19 -159
-337 -320
-149 631
577 799
355 106
74 273
-458 420
-174 -273
-301 24
-96 -138
-687 68
566 166
185 -61
-79 313
-73 102
-29 806
-846 33
113 -764
782 933
-102 -618
140 -215
-267 -625
53 421
121 -706
-475 437
186 -194
-630 130
425 -151
-118 62
-3 -161
571 403
286 -455
16 -61
153 504
40 -586
-75 -264
-275 816
72 -480
144 -678
505 122
292 -259
-545 -365
283 687
218 -578
729 89
302 234
79 263
46 -375
-223 -582
358 89
200 -669
-55 220
-308 812
239 159
354 -294
238 789
-173 -673
-481 -678
-38 -454
-37 352
21 212
33 -67
21 125
-50 -143
-188 511
678 95
-325 -302
-601 -796
-499 -274
-52 -464
17 595
707 201
69 133
-495 -14
625 -303
334 -170
